1.0917953014206851
2.583660225816153
3.0530964509318705
5.969074518627423
7.565302284645683
7.813841937792786
10.462923752202013
10.547454195219032
11.289031820134724
11.49315290494847
12.08737887542057
13.104317226992096
13.181576838328782
13.846610236270786
15.60342365544832
15.856090560966564
16.004097564044738
17.172581972035076
18.078914318729325
19.305236914534433
19.550609180002652
21.603123277905976
21.641064041628017
21.936732141015224
22.587477283739926
23.651546765518376
23.894383585136065
24.086360389489087
25.106763299793688
25.15042064262225
25.326234209294917
26.94303860573318
27.625246698927285
31.05698641910713
31.133187618351432
31.32903770864978
31.57760490975004
31.953663120247707
33.60612010676343
36.02083124687172
37.9559023856605
39.5597871331406
39.57225279768897
41.12651039561509
41.151797583596235
42.55125477595701
42.80721293684654
45.54351188656681
45.98753166640321
47.952344103212795
51.09667492719856
52.55367202918339
53.59557993069867
54.52728423140232
56.892796741612024
57.719557570152546
58.73495066920448
59.08326860277801
59.64239988547056
59.83831184759653
60.86610263291587
61.395785180708096
63.39402846977255
64.98907720389447
65.26848776034676
65.6355388475614
66.32589764305239
67.57925922678989
68.324040577813
68.8839945758967
69.4136667912999
71.80972157039245
72.59362634481417
74.00834102875965
76.5586693577617
78.02284332869476
79.45342250606029
80.98287485659466
81.39393500700088
82.35875821063765
84.54225438533737
84.7073760455869
85.3356525955781
85.98536707979139
86.64474618187253
87.25775607203744
88.34360336062032
89.69761716456362
90.58160494707374
90.95093951892903
91.34857874663936
92.71808820985743
94.36645049927874
96.47997226643152
96.67156513768981
98.14201378908946
98.2934166918662
98.8044635990196
98.99258937155687
99.63866253793289
Average=50.08543384226561
Variance=882.9495373097701