27.625246698927285
41.12651039561509
98.2934166918662
31.953663120247707
80.98287485659466
65.6355388475614
88.34360336062032
36.02083124687172
52.55367202918339
42.80721293684654
45.98753166640321
87.25775607203744
37.9559023856605
45.54351188656681
99.63866253793289
81.39393500700088
1.0917953014206851
13.846610236270786
10.547454195219032
94.36645049927874
13.104317226992096
96.67156513768981
59.08326860277801
19.550609180002652
17.172581972035076
56.892796741612024
33.60612010676343
3.0530964509318705
19.305236914534433
90.95093951892903
31.133187618351432
47.952344103212795
71.80972157039245
31.32903770864978
64.98907720389447
76.5586693577617
96.47997226643152
74.00834102875965
15.856090560966564
51.09667492719856
11.49315290494847
72.59362634481417
31.05698641910713
23.894383585136065
16.004097564044738
18.078914318729325
84.7073760455869
78.02284332869476
5.969074518627423
25.15042064262225
98.14201378908946
10.462923752202013
7.565302284645683
60.86610263291587
23.651546765518376
98.99258937155687
31.57760490975004
25.326234209294917
24.086360389489087
98.8044635990196
85.98536707979139
67.57925922678989
39.5597871331406
11.289031820134724
85.3356525955781
53.59557993069867
21.936732141015224
82.35875821063765
61.395785180708096
2.583660225816153
91.34857874663936
90.58160494707374
41.151797583596235
13.181576838328782
12.08737887542057
79.45342250606029
68.324040577813
7.813841937792786
58.73495066920448
63.39402846977255
65.26848776034676
59.83831184759653
86.64474618187253
66.32589764305239
15.60342365544832
22.587477283739926
59.64239988547056
25.106763299793688
21.603123277905976
89.69761716456362
26.94303860573318
54.52728423140232
39.57225279768897
68.8839945758967
57.719557570152546
92.71808820985743
21.641064041628017
84.54225438533737
69.4136667912999
42.55125477595701
